<svg xmlns="http://www.w3.org/2000/svg" width="48" height="48">
<defs>
  <path
     id="path-main"
     d="m 23.999995,2.0000346 c -6.406208,0 -12.180271,2.7390861 -16.2010868,7.1141304 C 6.1283143,7.3540981 4.5014335,5.1085389 4.1521691,3.9429694 4.0175291,3.4978998 3.5562848,3.2092694 3.4347778,3.4945998 c -0.2148348,0.5046609 0.04907,1.3715087 0.6576087,2.3016304 1.663047,2.5418609 2.584847,3.9057174 2.75,3.9755435 0.053565,0.022765 0.1388104,0.086756 0.2092391,0.2092392 C 3.89717,13.789796 1.9999952,18.671788 1.9999952,23.999996 c 0,12.144479 9.8555218,22 21.9999998,22 5.72309,0 10.940562,-2.184313 14.855978,-5.768974 0.134507,0.120713 0.2552,0.270505 0.388587,0.38854 1.0505,0.929547 2.244096,2.075747 2.660327,2.540808 0.779134,0.870531 2.298961,1.689792 2.660326,1.434783 0.256673,-0.181165 -0.337815,-1.441765 -0.866848,-1.823418 -0.354573,-0.255678 -2.24907,-1.922034 -3.945652,-3.437452 3.860646,-3.963348 6.247282,-9.368269 6.247282,-15.334287 0,-12.144382 -9.855522,-21.9999614 -22,-21.9999614 z m 0,0.9565217 c 11.632605,0 21.043478,9.4108927 21.043478,21.0434397 0,5.723635 -2.274838,10.913626 -5.97826,14.706522 -0.957976,-0.861826 -1.812485,-1.618722 -2.002718,-1.823322 -0.26048,-0.280261 -0.573942,-0.549043 -0.6875,-0.597826 -0.113548,-0.04878 -0.309454,-0.223348 -0.448369,-0.388635 -0.244793,-0.291165 -0.831046,-0.899321 -1.464674,-1.524408 -1.103692,-1.088809 -3.780375,-4.251261 -3.88587,-4.603261 -0.183614,-0.612748 0.737478,-2.678452 1.315218,-2.959287 1.40205,-0.681617 1.92302,-1.66607 2.570652,-4.842391 0.0506,-0.247931 -0.169333,-0.735757 -0.478261,-1.13587 -0.301993,-0.391122 -0.686391,-1.198904 -0.866848,-1.793478 -0.332401,-1.095026 -0.811063,-1.59127 -2.75,-2.720061 -0.31459,-0.183174 -0.641252,-0.561765 -0.717391,-0.866896 -0.162169,-0.649574 -1.856179,-1.498774 -2.570652,-1.285278 -0.273747,0.0813 -0.837311,-0.05835 -1.614131,-0.418478 -0.647116,-0.299583 -1.39897,-0.532113 -1.673913,-0.5082 -0.386597,0.03444 -0.712216,-0.1012 -1.434783,-0.62767 -1.08547,-0.790948 -1.735828,-1.028069 -2.30163,-0.836956 -0.222219,0.07461 -0.723073,0.01339 -1.105978,-0.149505 -1.305461,-0.554208 -4.650379,-0.63733 -6.336957,-0.149408 -1.494345,0.432156 -2.006763,0.256921 -3.7065215,-1.255445 C 8.7564248,10.088048 8.6075326,9.9465876 8.4565169,9.801665 12.304824,5.582572 17.835633,2.9565563 23.999995,2.9565563 z M 7.5597778,10.877762 c 0.029174,0.02487 0.063322,0.07843 0.089626,0.08991 1.3255287,0.562721 2.7396311,2.952591 2.3315217,3.915808 -0.4561269,1.076661 -0.4356382,2.059105 0.029843,3.347826 0.252857,0.699983 0.477257,1.568696 0.508152,1.942887 0.09556,1.157487 0.663214,2.8094 1.016305,2.959287 0.228627,0.09699 0.378734,0.610166 0.448369,1.643974 0.06944,1.029983 0.219551,1.700792 0.508152,2.032609 0.234329,0.269356 0.640784,1.02893 0.89674,1.703852 0.275066,0.725235 0.672291,1.39107 0.986413,1.614131 0.292313,0.207565 0.544739,0.493947 0.538043,0.657608 -0.02114,0.594287 0.728803,1.414409 1.883152,2.032609 2.451068,1.311965 3.203726,1.575678 3.826087,1.375 0.322166,-0.104261 0.697438,-0.149026 0.836957,-0.08991 0.825057,0.350087 3.386775,-0.751061 5.649456,-2.451087 0.92049,-0.691661 1.99012,-0.594765 2.989131,0.269069 1.706855,1.475818 3.131776,2.773627 4.035326,3.736366 1.166956,1.243478 2.582599,2.637417 4.005435,3.945652 -3.735543,3.380252 -8.700589,5.440217 -14.138587,5.440217 -11.632606,0 -21.0434787,-9.410835 -21.0434787,-21.043478 0,-4.972287 1.7244843,-9.520452 4.6032609,-13.122235 z" />
</defs>
<acyl-settings>
<linearGradient
     id="linearGradient4321">
    <stop
       style="stop-color:#FFFFFF;stop-opacity:1.0;"
       offset="1.0"
       id="stop1" />
  </linearGradient>
<linearGradient
     inkscape:collect="always"
     xlink:href="#linearGradient4321"
     id="acyl_gradient"
     x1="50.0%"
     y1="0.0%"
     x2="50.0%"
     y2="100.0%" />
<filter>
    </filter>
<use id="1" style="fill:url(#acyl_gradient);filter:url(#filter1111)" xlink:href="#path-main" />
</acyl-settings>
</svg>
