<svg xmlns="http://www.w3.org/2000/svg" width="48" height="48">
<defs>
  <path
     d="m 33.252604,2.8182292 c -7.020359,10e-8 -12.747396,5.5110118 -12.747396,12.3177088 l 0,5.557291 -5.757812,0 C 7.7288329,20.69323 2,26.175967 2,32.982292 2,39.789559 7.7274369,45.3 14.747396,45.3 c 7.019376,-10e-7 12.747396,-5.51044 12.747396,-12.317708 l 0,-5.585938 5.757812,0 C 40.268776,27.396354 46,21.942278 46,15.135938 45.999999,8.329227 40.271995,2.8182292 33.252604,2.8182292 z M 38.036458,5.08125 c 3.954784,1.7495799 6.703124,5.599329 6.703125,10.054688 0,5.893356 -4.791162,10.657654 -10.856771,10.971354 0.586575,-0.494762 0.97396,-1.222716 0.973959,-2.033854 -7.33e-4,-0.881315 -0.439943,-1.649428 -1.117188,-2.148438 3.639491,-0.244716 6.559895,-3.185939 6.559896,-6.789062 0,-2.683287 -1.624175,-4.968973 -3.953125,-6.072917 C 37.685635,8.806192 38.552609,7.819238 38.552083,6.5135417 38.551825,5.9940776 38.360769,5.5025105 38.036458,5.08125 z m -4.783854,4.526042 c 3.201486,0 5.786458,2.480197 5.786458,5.528646 0,3.048016 -2.587988,5.557291 -5.786458,5.557291 l -5.5,0 c -0.170031,0 -0.257812,-0.100881 -0.257812,-0.229166 l 0,-5.328125 c 0.0053,-3.048086 2.559448,-5.528646 5.757812,-5.528646 z M 13.572917,22.010938 c 0.08476,-0.0082 0.172506,0.0065 0.257812,0 -0.571788,0.493113 -0.94553,1.20592 -0.945312,2.005208 0,0.88189 0.439693,1.650444 1.117187,2.148437 -3.521826,0.365351 -6.3020832,3.298514 -6.3020832,6.817709 0,2.652248 1.580922,4.925724 3.8671872,6.04427 -1.438243,0.201741 -2.3776037,1.217664 -2.3776038,2.578125 2.209e-4,0.446892 0.1544126,0.882033 0.4010416,1.260417 -3.7546266,-1.820827 -6.3307291,-5.567235 -6.3307291,-9.882812 0,-5.716721 4.5067361,-10.407307 10.3125003,-10.971354 z m 1.174479,5.385416 5.5,0 c 0.169867,0 0.257812,0.103849 0.257812,0.229167 l 0,4.726562 0,0.630209 c -0.0046,3.045727 -2.559787,5.528645 -5.757812,5.528645 -3.201509,1e-6 -5.7864585,-2.480775 -5.7864585,-5.528645 0,-3.049176 2.5910505,-5.585938 5.7864585,-5.585938 z"
     id="path-main" />
</defs>
<acyl-settings>
<linearGradient
     id="linearGradient4321">
    <stop
       style="stop-color:#FFFFFF;stop-opacity:1.0;"
       offset="1.0"
       id="stop1" />
  </linearGradient>
<linearGradient
     inkscape:collect="always"
     xlink:href="#linearGradient4321"
     id="acyl_gradient"
     x1="50.0%"
     y1="0.0%"
     x2="50.0%"
     y2="100.0%" />
<filter>
    </filter>
<use id="1" style="fill:url(#acyl_gradient);filter:url(#filter1111)" xlink:href="#path-main" />
</acyl-settings>
</svg>
