<svg xmlns="http://www.w3.org/2000/svg" width="48" height="48">
<defs>
    <path
         d="M 37.329126,2.0111104 C 36.495414,1.9520643 35.659607,2.126657 34.881813,2.5758751 32.807697,3.7737901 32.084155,6.431054 33.281646,8.5059037 34.479138,10.580753 37.137559,11.303986 39.211675,10.10607 41.285791,8.9081551 41.977958,6.250891 40.780466,4.1760415 40.032034,2.8792607 38.718647,2.1095207 37.329126,2.0111104 z M 26.410343,5.5879531 c -4.390655,0.1680416 -7.530195,1.8825488 -7.530195,1.8825488 l -0.470637,0.2510065 0.282382,0.4392614 c 0,0 1.550066,2.6365642 3.639595,6.4320412 l 0.21963,0.37651 0.37651,-0.125503 c 6.273342,-1.941105 9.576196,0.04946 11.483548,2.510065 1.907351,2.460603 2.32181,5.428016 2.32181,5.428016 l 0.06275,0.439261 0.721644,-0.03138 c 0.15414,-0.008 0.37858,-0.02474 0.658892,-0.03138 0.560624,-0.01328 1.344706,-0.02501 2.164931,-0.03138 1.64045,-0.01273 3.478209,0.01652 4.361238,0.03138 l 0.564765,0 -0.03138,-0.564764 c -0.326347,-4.432138 -2.058167,-7.1045 -4.988754,-10.950159 l -0.188255,-0.282382 -0.313758,0.09413 c -3.638665,0.950277 -5.556538,0.06495 -6.683048,-1.192281 -1.12651,-1.257226 -1.455143,-3.0067848 -1.537415,-3.7650973 l -0.03138,-0.345134 -0.345134,-0.094127 C 29.478625,5.652469 27.873895,5.5319392 26.410343,5.5879531 z M 16.777969,8.4745279 16.307332,8.788286 c -3.67388,2.498838 -5.132838,5.32757 -6.9968066,9.789254 l -0.1255032,0.313758 0.2196307,0.21963 c 2.6420481,2.677195 2.8156041,4.764683 2.2904341,6.36929 -0.52517,1.604608 -1.8633669,2.781299 -2.478689,3.231709 l -0.2823823,0.188255 0.094127,0.345134 c 1.9325313,6.597303 7.3733163,9.914757 7.3733163,9.914757 l 0.439262,0.282382 0.251006,-0.439261 c 0,0 1.492667,-2.692703 3.733722,-6.400666 l 0.21963,-0.345134 -0.313758,-0.282382 c -4.817168,-4.464285 -4.721997,-8.31843 -3.545467,-11.201165 1.176531,-2.882736 3.545467,-4.706372 3.545467,-4.706372 l 0.37651,-0.282383 -0.439261,-0.627516 C 20.58458,15.028028 20.469341,14.832337 20.323436,14.592811 20.031627,14.113761 19.640907,13.480418 19.225282,12.773014 18.394032,11.358206 17.457629,9.717599 17.028975,8.9451651 L 16.777969,8.4745279 z M 6.0474409,19.675693 c -1.3895203,0.09841 -2.7029072,0.86815 -3.4513394,2.164931 -1.1974916,2.074849 -0.5053261,4.732113 1.5687906,5.930029 2.0741166,1.197914 4.7325369,0.474681 5.9300289,-1.600167 C 11.292413,24.095637 10.56887,21.438373 8.4947543,20.240458 7.7169606,19.791239 6.8811531,19.616647 6.0474409,19.675693 z m 30.7169211,5.114258 -0.09413,0.407885 c -1.456251,6.405482 -4.854316,8.269017 -7.93808,8.6911 -3.083765,0.422084 -5.835902,-0.721643 -5.835902,-0.721643 l -0.345134,-0.15688 c -0.07016,0.137539 -0.587234,0.977493 -0.721643,1.223657 -0.268818,0.492329 -0.662178,1.168778 -1.066778,1.882549 -0.809202,1.427542 -1.741922,3.038901 -2.196307,3.796473 l -0.282382,0.470638 0.502013,0.251006 c 4.000245,1.933387 7.190996,1.776939 11.98556,1.160905 l 0.345134,-0.03138 0.06275,-0.313758 c 0.996691,-3.62754 2.741047,-4.829709 4.392614,-5.177009 1.651566,-0.3473 3.318524,0.225524 4.016104,0.533389 l 0.313758,0.156879 0.251006,-0.251007 c 4.745207,-4.972928 4.894627,-11.358044 4.894627,-11.358044 l 0.03138,-0.502013 -0.533389,0 c 0,0 -3.042739,0.02476 -7.373316,-0.06275 l -0.407885,0 z M 36.952617,37.3089 c -2.394984,0 -4.329862,1.965407 -4.329863,4.361238 0,2.39583 1.934878,4.329864 4.329863,4.329862 2.394983,0 4.329862,-1.934033 4.329862,-4.329862 0,-2.39583 -1.93488,-4.361238 -4.329862,-4.361238 z"
       id="path-main" />
</defs>
<acyl-settings>
<linearGradient
     id="linearGradient4321">
    <stop
       style="stop-color:#FFFFFF;stop-opacity:1.0;"
       offset="1.0"
       id="stop1" />
  </linearGradient>
<linearGradient
     inkscape:collect="always"
     xlink:href="#linearGradient4321"
     id="acyl_gradient"
     x1="50.0%"
     y1="0.0%"
     x2="50.0%"
     y2="100.0%" />
<filter>
    </filter>
<use id="1" style="fill:url(#acyl_gradient);filter:url(#filter1111)" xlink:href="#path-main" />
</acyl-settings>
</svg>
