<svg xmlns="http://www.w3.org/2000/svg" width="48" height="48">
<defs>
  <path
     id="path-main"
     d="m 2.3837015,36.308808 c -0.97136,0.46454 0.2079149,-2.83221 0.2079149,-2.83221 0,0 -0.1522936,-8.71246 4.3996012,-12.680343 4.5518944,-3.967888 6.5885874,-5.023189 6.5885874,-5.023189 0,0 1.859988,-5.8830931 3.432456,-5.9340231 0.960908,-0.102619 -0.03728,0.6589431 -0.206367,1.6730731 -0.151112,1.031146 0.07671,3.078943 0.831539,3.216277 0.754838,0.137337 1.855879,-0.406157 4.849612,0.04686 3.260603,0.501573 7.761778,3.693531 9.131525,5.47229 1.36974,1.778765 7.87931,9.003545 7.87931,9.003545 4.67706,-0.25517 6.792449,4.1576 6.470207,4.78071 -0.317376,0.67584 -0.01039,0.3913 -0.532152,0.26612 -0.521766,-0.12517 -1.422375,-1.09053 -2.598486,-1.01718 -1.222091,0.0779 -1.983426,-0.29821 -2.520858,-0.17347 -0.560419,0.12704 -0.363263,1.5974 -1.19924,2.59463 -0.812998,0.99492 0.239331,2.43293 -0.521784,2.89935 -0.717577,0.43547 -1.782065,-2.73088 -1.960658,-4.16763 -0.178587,-1.43674 0.963587,-3.30723 1.11176,-4.04936 0.148186,-0.74214 -7.170443,-8.861614 -18.37021,-4.54775 -0.478515,1.85728 -6.343334,3.90768 -6.343334,3.90768 -1.315188,0.38149 1.879035,0.8705 0.724714,1.23587 -2.613866,1.06689 -3.533432,-0.63107 -5.5175228,0.25412 -1.984092,0.88519 -4.8852522,4.61009 -5.8566147,5.07463 z" />
</defs>
<acyl-settings>
<linearGradient
     id="linearGradient4321">
    <stop
       style="stop-color:#FFFFFF;stop-opacity:1.0;"
       offset="1.0"
       id="stop1" />
  </linearGradient>
<linearGradient
     inkscape:collect="always"
     xlink:href="#linearGradient4321"
     id="acyl_gradient"
     x1="50.0%"
     y1="0.0%"
     x2="50.0%"
     y2="100.0%" />
<filter>
    </filter>
<use id="1" style="fill:url(#acyl_gradient);filter:url(#filter1111)" xlink:href="#path-main" />
</acyl-settings>
</svg>
